07180500
000HY023
02046000
02349900
14301000
000HY091
06339100
01591400
01518862
09312600
07359610
09484600
01350140
02011400
06470800
08101000
000HY048
11475560
02014000
02472000
11473900
08014500
03384450
05408000
13235000
12175500
08380500
01567500
14306500
000HY112
05595730
03237500
04063700
02016000
01491000
02053800
05458000
13240000
02231000
01632900
08086212
11176400
01632000
08377900
13331500
01548500
08176900
01052500
02384540
03010655
04122200
01542810
09505350
02374500
07315200
05120500
05291000
10244950
02092500
02018000
12092000
03471500
02017500
02081500
02300700
01031500
04256000
03140000
05584500
02128000
02053200
01434025
07197000
000HY047
01054200
01142500
01568000
000HY040
03049000
08198500
02118500
14308990
09494000
02013000
04122500
000HY098
06876700
08271000
11124500
02193340
04196800
01666500
000HY095
01539000
07060710
01664000
08086290
14096850
000HY066
12144000
08164300
14187000
03050000
10336660
03280700
01545600
01181000
000HY062
01466500
08070200
02372250
03182500
03604000
06622700
14236200
02015700
11264500
02082950
06814000
11151300
01547700
01440000
14138870
07145700
09378170
03366500
12010000
09404450