01545600
14301000
01440000
03144000
08104900
06888500
02070000
01123000
08014500
03140000
11284400
06332515
02102908
08269000
10259000
07208500
09378170
01550000
03604000
14222500
04213075
11124500
01170100
09210500
01583500
01047000
02056900
14141500
05488200
14138800
01169000
01439500
02246000
06876700
07263295
09484600
05120500
07261000
03010655
02038850
03015500
05489000
08271000
09494000
02212600
01466500
04256000
02361000
05458000
12082500
04115265
04127997
06746095
11482500
12175500
02137727
02111500
01484100
12189500
01413500
01414500
14216500
08164600
02371500
11468500
01632000
02231000
03049000
07145700
06906800
14305500
09065500
11481200
12411000
11266500
12092000
01669520
08165300
13011900
02215100
04224775
02381600
02143040
02065500
02082950
09492400
02298123
05507600
13161500
05495500
06878000
06278300
12145500
07362100
11176400
02430085
07184000
02013000
06911900
06918460
02051500
02015700
01544500
14306340
01181000
11141280
05593575
02074500
06919500
08189500
06632400
14309500
09512280
03021350
01664000
02069700
01187300
07362587
01586610
06350000
01054200
01518862
01139800
01543000
08164300
06221400
12186000
14020000
03076600
12115000
01434025
02472500
03488000
08086212
13331500
14096850
08198500
07167500
05057200
08158700
02017500
02140991
02027500
14236200
01333000
01487000
08324000
12010000
09066000
01057000
01594950
11264500
09047700
08066300
05414000
02481000
03011800
06339100
07142300
05508805
11522500
02053800
02296500
05466500
05454000
09497980
01022500
02108000
06470800
03285000
02363000
12035000
10336660
08070200
01411300
01543500
02472000
12048000
01440400
02464000
04045500
02349900
01195100
02216180
11151300
14139800
01667500
12117000
11478500
02299950
02028500
03456500
12056500
04196800
03028000
07057500
10343500
04059500
01510000
02027000
01552000
04040500
09513780
02055100
12147500
01547700
03368000
12390700
04213000
01591400
07291000
05362000
06803530
08171300
03241500
01142500
03384450
08190500
04057510
14308990
08196000
03504000
02369800
04015330
13011500
03237280
09508300
04296000
12025700
02143000
06910800
04197100
06431500
05584500
04221000
08103900
12020000
04122500
01532000
03498500
12451000
05592575
01644000
11523200
08380500
09447800
12144000
01542810
01669000
06447500
08101000
07196900
02111180
02177000
01567500
06892000
06917000
01548500
06479215
09081600
02395120
02297155
11451100
14303200
01568000
04185000
03050000
03180500
05503800
04122200
04043050
10244950
03338780
03460000
04216418
03078000
14182500
03237500
06814000
02245500
05592050
02469800
05556500
08109700
03069500
08200000
06885500
11143000
12167000
02374500
14138900
12447390
11480390
01078000
02064000
14154500
03291780
09066300
05593900
02018000
05595730
06853800
07195800
01552500
04057800
07359610
08070000
02198100
02298608
13018300
14185900
02427250
03186500
03455500
09312600
01549500
04074950
03170000
08013000
07083000
06311000
09306242
06614800
01055000
02149000
02297310
14158790
11381500
01415000
09430600
14187000
01516500
06352000
07066000
14166500
06889200
07375000
06879650
09386900
14137000
07335700
08082700
06601000
08150800
03574500
06404000
01596500
13235000
08050800
14400000
02384540
02479155
06847900
02202600
02152100
03471500
01605500
13240000
06224000
05291000
01350140
02178400
06903400
06889500
06921070
09223000
01052500
12041200
02059500
12040500
02479300
01134500
08202700
03473000
03026500
06921200
06623800
01451800
02372250
03439000
12013500
14316700
01073000
01162500
01435000
06622700
05487980
07346045
05444000
07060710
04197170
01137500
03182500
14138870
02011400
14362250
01634500
12381400
05501000
09404450
09505350
07340300
11475560
08190000
10234500
01666500
06803510
06344600
02053200
02196000
07301410
11532500
02350900
07315700
02096846
08023080
08158810
02128000
02465493
01557500
02481510
07180500
11476600
09066200
01632900
14306500
01365000
12178100
03366500
02046000
06280300
08178880
01144000
05525500
03340800
05408000
01350080
06289000
02016000
11473900
13313000
01031500
06440200
02118500
06477500
09035900
02014000
02193340
07197000
04027000
12054000
13023000
02221525
03364500
08066200
01139000
12143600
14325000
03479000
08086290
09352900
01606500
02415000
03463300
05399500
02300700
02479560
03592718
02450250
05393500
11528700
01639500
02092500
08267500
03346000
07299670
08378500
05495000
03049800
12488500
03173000
04024430
01491000
08176900
01638480
01580000
14185000
09510200
08195000
12073500
05413500
12377150
06406000
03500000
05591550
11148900
04105700
07315200
01423000
09107000
03280700
01350000
03281500
12114500
02077200
08194200
08377900
06409000
04063700
10336645
03070500
08175000
12375900
02081500
09505800
01539000