02198100
09035900
12390700
06803530
01411300
02152100
02013000
12144000
01596500
06892000
000HY010
08066200
12054000
08198500
07362100
11475560
12143600
03015500
01022500
01137500
01644000
08271000
06853800
000HY035
01350140
14301000
09378170
14138800
02361000
01439500
09066000
05495000
000HY065
07083000
04040500
03241500
07291000
10336660
05593900
05454000
07315200
02140991
03182500
02479560
01415000
000HY017
000HY062
03455500
000HY006
01142500
01139000
06903400
03498500
02369800
03050000
10336645
07145700
02046000
02137727
000HY118
05120500
04216418
07362587
000HY082
09430600
02015700
04045500
08175000
03180500
05591550
07195800
03504000
03140000
08070000
03574500
03500000
01440400
04197100
12082500
01466500
06746095
03439000
05408000
13313000
01365000
02077200
04024430
03049800
08196000
01451800
09107000
02059500
02111500
08178880
000HY093
12377150
02350900
01664000
13161500
06332515
03078000
01667500
05507600
11143000
01435000
02016000
14141500
04122500
11124500
08202700
09066300
01567500
04122200
05508805
06280300
02245500
01170100
000HY051
11532500
06918460
05501000
08267500
07301410
02296500
12411000
04059500
11481200
11264500
06409000
07346045
000HY059
13011900
05414000
08150800
01413500
08176900
09497980
03281500
02056900
09404450
06632400
11284400
14185900
10259000
05399500
01543500
12145500
13018300
06814000
000HY092
12073500
01434025
03011800
03384450
03186500
02298608
04105700
02479155
02481000
07335700
07180500
08066300
09447800
02202600
000HY018
06921070
12035000
000HY047
05488200
04115265
02065500
03479000
06847900
02102908
01516500
04074950
01047000
000HY040
01568000
01594950
06888500
02051500
05057200
07057500
02092500
06339100
06350000
02450250
01169000
03460000
03456500
07066000
01543000
02196000
09386900
11482500
06431500
06622700
06921200
05593575
03488000
14187000
08103900
02028500
05458000
01414500
02053200
08101000
12040500
05487980
000HY053
07263295
09065500
05592575
03604000
04213075
02027500
01580000
11476600
07197000
08165300
14185000
09492400
01542810
01139800
03364500
01510000
08194200
000HY066
000HY089
08013000
01057000
02395120
08171300
04057510
01440000
02149000
02299950
06404000
02427250
11176400
08269000
01666500
06885500
06803510
01550000
000HY098
11473900
12189500
11468500
01350000
06470800
14138870
05556500
01333000
02479300
03026500
01518862
01586610
12013500
02371500
09512280
01552000
000HY081
01591400
14166500
06623800
06878000
12147500
14154500
04256000
08200000
05466500
04027000
12041200
03368000
14138900
03021350
03463300
14216500
06879650
10234500
02298123
04224775
07167500
01545600
02363000
14182500
09312600
14306340
08164600
08109700
01634500
01583500
09081600
01162500
11148900
02221525
000HY045
01423000
02096846
13331500
06601000
08158810
02038850
02381600
000HY028
08195000
01195100
08190500
03592718
08164300
06911900
07375000
02469800
03173000
06917000
02011400
09223000
01669520
14303200
02070000
06910800
12178100
000HY054
13023000
06221400
000HY034
03346000
07142300
000HY024
02481510
01549500
000HY048
14020000
06889500
08324000
07359610
02069700
02246000
11141280
05489000
02017500
01073000
01632000
07261000
02027000
03471500
02178400
02384540
12115000
02118500
03237500
12114500
12375900
14139800
01639500
02055100
06224000
01054200
11478500
02472000
07208500
05503800
01544500
02297310
12451000
02108000
04296000
08070200
02349900
01557500
02216180
01605500
06352000
09513780
08378500
13235000
02465493
06889200
08014500
04015330
07060710
10343500
08189500
000HY097
04043050
06919500
05413500
01052500
09494000
07184000
05584500
14096850
05525500
07315700
01484100
06447500
06906800
03366500
02082950
02143000
14137000
000HY100
02143040
05393500
09047700
02111180
01078000
04213000
01547700
04057800
14309500
13240000
02177000
05495500
11381500
01350080
05444000
01532000
02193340
09510200
01548500
14222500
000HY090
12092000
02215100
14305500
08050800
12186000
12175500
000HY112
11528700
01606500
08190000
03010655
08158700
01031500
01491000
000HY023
000HY013
09306242
06406000
02231000
02128000
02212600
02372250
000HY084
01187300
08104900
08380500
03291780
08082700
12010000
12020000
02430085
08023080
11522500
05362000
02053800
06614800
10244950
11523200
04127997
04185000
03285000
01552500
09505350
14306500
12025700
09210500
08086290
01181000
04196800
06311000
03338780
02464000
03237280
12447390
01539000
02297155
03069500
12056500
000HY119
03049000
04221000
06479215
03070500
02018000
03028000
01638480
06289000
11451100
02014000
000HY101
03280700
12117000
01123000
09508300
000HY095
000HY052
07299670
13011500
02415000
14400000
03473000
05595730
12381400
12048000
000HY091
01134500
06278300
11480390
03076600
01632900
03170000
09066200
14316700
12167000
01055000
12488500
09352900
04197170
02374500
07340300
04063700
02064000
02074500
09505800
08377900
14325000
02472500
06876700
06440200
07196900
14308990
01487000
11266500
06477500
01669000
14158790
09484600
05592050
14362250
11151300
08086212
01144000
03340800
06344600
05291000
02081500
14236200
03144000
02300700