02198100
09035900
06803530
12390700
10316500
01411300
06464500
06784000
06450500
02152100
02013000
12144000
10166430
01596500
06892000
06339500
000HY010
08066200
12043000
05056000
10172700
12054000
08198500
07362100
11475560
07151500
12143600
03015500
000HY035
01022500
01137500
01644000
06853800
08271000
01350140
09378170
14138800
14301000
02361000
06452000
01439500
09066000
05495000
000HY065
07083000
04040500
03241500
07291000
10336660
05593900
05454000
07315200
02051000
02140991
07067000
06043500
02479560
03182500
000HY017
000HY062
01415000
03455500
000HY006
01142500
01139000
06903400
03498500
09034900
02369800
03050000
10336645
07145700
02046000
02125000
02137727
000HY118
04216418
05120500
07362587
10348850
000HY082
09430600
01118300
02015700
04045500
08175000
03180500
05591550
07195800
03504000
03140000
08070000
03574500
03500000
01440400
03300400
04197100
12082500
10205030
01466500
06746095
03439000
10259200
05408000
01365000
13313000
02077200
04024430
03049800
08196000
01451800
09107000
02059500
02111500
08178880
000HY093
12377150
06037500
02350900
01664000
12147600
06332515
10249300
13161500
03078000
01667500
05507600
11098000
11143000
01435000
02016000
06353000
14141500
04122500
11124500
08202700
12358500
09066300
02422500
05087500
01567500
04122200
05508805
06280300
13338500
02245500
01170100
000HY051
01485500
11532500
06918460
05501000
08267500
07301410
02342933
02296500
04059500
12411000
11264500
11481200
06409000
07346045
07295000
000HY059
13011900
05414000
08150800
11299600
01413500
03281500
08176900
09497980
02056900
04127918
09404450
06632400
11284400
14185900
10259000
03161000
02310947
05399500
01543500
10310500
12145500
13018300
06468250
06814000
000HY092
12073500
06408700
01434025
03011800
03384450
02112360
06453600
03186500
07068000
02011460
02298608
04105700
02479155
02481000
09497800
07335700
07180500
08066300
05585000
09447800
10242000
02202600
11230500
000HY018
06921070
12035000
000HY047
10396000
05488200
04115265
02065500
03479000
06847900
02102908
01516500
04074950
000HY040
01047000
01568000
01594950
06888500
02051500
05057200
07057500
14158500
06188000
07376000
02092500
06339100
06350000
02450250
06291500
01169000
09035800
03460000
03456500
07066000
11224500
01543000
13340600
02196000
11274630
09386900
11482500
05131500
06431500
06622700
06921200
01486000
03488000
05593575
03238500
05062500
08103900
02028500
14187000
01414500
05458000
02053200
08101000
12040500
08155200
05487980
000HY053
07263295
09065500
05592575
03604000
05412500
04213075
06154410
03500240
08029500
02027500
01580000
11476600
07197000
08165300
12383500
09492400
14185000
01542810
01139800
03364500
01510000
01121000
08194200
12025000
000HY066
000HY089
08013000
01057000
12388400
02395120
12414500
08171300
04057510
01440000
02149000
02299950
06404000
10258500
02427250
06885500
07014500
01666500
08269000
06803510
11176400
01550000
000HY098
11473900
12189500
06470800
01350000
11468500
14138870
05556500
01333000
09480000
02479300
03026500
01518862
01586610
12013500
02371500
08079600
02464146
09512280
01552000
000HY081
01591400
14166500
07301500
06623800
06878000
12147500
05057000
04256000
05466500
08200000
14154500
12374250
02430615
11383500
04027000
12041200
03368000
14138900
03021350
03463300
06879650
14216500
10234500
02298123
04224775
03066000
07167500
01545600
02363000
14182500
09312600
09430500
14306340
08164600
04124000
08109700
01634500
09484000
01583500
06447000
03357350
09081600
01162500
11148900
02221525
000HY045
01423000
08164000
02096846
13331500
06601000
08158810
02038850
02312200
02381600
000HY028
08195000
01195100
03592718
08190500
06911900
08164300
07375000
02469800
03173000
02011400
06917000
09223000
01669520
14303200
11253310
02070000
06910800
12178100
000HY054
13023000
06221400
000HY034
03346000
06354000
07142300
11237500
000HY024
02481510
04233000
13337000
01549500
000HY048
14020000
06889500
02246000
02069700
07359610
08324000
11141280
02017500
05489000
01658500
01073000
01632000
07261000
10258000
02027000
03471500
02178400
01613050
02384540
12115000
02118500
03237500
12114500
12375900
14139800
01639500
02055100
03187500
06224000
01054200
02112120
11478500
02472000
02327100
07208500
05503800
01544500
02297310
03213700
12451000
02108000
02349900
04296000
08070200
01557500
02216180
01605500
06352000
02464360
09513780
02408540
06889200
02465493
08378500
13235000
08014500
04015330
07060710
10343500
08189500
11180960
14092750
000HY097
04043050
06919500
06479438
13310700
05413500
01052500
04161580
08025500
09494000
12141300
05584500
07149000
07184000
14096850
01620500
05525500
07315700
01484100
02082950
06447500
03366500
06906800
02143000
14137000
000HY100
02143040
05393500
09047700
02111180
01078000
04213000
01547700
07292500
09378630
04057800
14309500
13240000
02177000
05495500
11381500
01350080
05444000
01532000
02193340
09510200
05129115
01548500
000HY090
14222500
12092000
02215100
02324400
14305500
08050800
12186000
12175500
10173450
000HY112
11528700
12095000
01606500
08190000
03010655
08158700
01031500
000HY013
000HY023
01491000
02231000
06406000
09306242
02128000
000HY084
02212600
02372250
01187300
08104900
05123400
08380500
03291780
08082700
12010000
12020000
02430085
08023080
11522500
05362000
02053800
13083000
06614800
07290650
10244950
11523200
01030500
04127997
11180500
07226500
03164000
04185000
01552500
03285000
09505350
03159540
14306500
12025700
09210500
08086290
01181000
04196800
06311000
03338780
02464000
03165000
03237280
12447390
01539000
02297155
03069500
12056500
03450000
06191500
000HY119
10263500
03049000
04221000
06479215
03070500
10329500
02018000
03028000
01638480
06289000
000HY101
02014000
06468170
10172800
03280700
11451100
12117000
01123000
09508300
06934000
000HY095
000HY052
01013500
07056000
07299670
11162500
13011500
02415000
06441500
14400000
02231342
09505200
03473000
05595730
12381400
10023000
12048000
000HY091
01134500
06278300
11480390
03076600
01632900
07148400
13340000
03170000
09066200
14316700
12167000
01055000
12488500
04197170
09352900
02374500
07340300
04063700
02315500
11274500
02064000
02074500
07373000
09505800
08377900
14325000
02472500
06876700
06440200
07196900
14308990
02235200
10336740
01487000
11266500
06477500
01669000
14158790
09484600
05592050
02314500
11151300
14362250
08086212
01144000
05514500
03340800
06344600
05291000
04056500
02081500
06360500
12115500
07071500
14236200
03144000
02300700