08196
01580
06921
05454
03186
02118
13161
09223
12390
02198
08082
12040
12010
05593
11481
01667
04213
08070
06917
01022
11381
04185
03498
03338
03026
14139
08380
02361
13018
01052
08200
12447
06888
03241
03455
01552
02464
07340
14400
09430
01413
11468
01031
09404
02028
02046
02196
02450
11480
09510
01162
05458
09210
02053
05495
01491
03237
12451
03479
05595
01440
04221
01510
08086
12145
12115
11475
07359
02137
12114
12144
11476
04216
14306
02381
03070
06404
02081
08324
02300
02015
03173
02152
07362
14236
02296
02350
03500
12178
01439
03050
08190
07184
01139
07291
02374
05507
11264
01047
06847
01516
02427
06221
12143
14185
08101
07315
07066
02143
10259
04040
01451
08066
06447
13240
03076
01134
02069
04043
02092
08164
06344
04256
06350
10336
13313
03368
08178
02096
01415
08378
09352
07197
02077
02469
03049
01195
02056
05592
09066
08202
13011
01414
04027
02395
05393
01583
07180
12013
06853
07145
08014
13011
14158
12377
01365
07196
05525
01170
01634
01664
12025
06878
01123
14362
02221
02055
03011
02430
03574
11523
01550
03439
02027
02369
01181
06289
07083
12411
14306
02363
14303
11176
02108
05414
13235
06911
03078
09306
05503
14020
03021
02298
12020
04045
03488
02053
03144
01187
01543
01606
02371
01487
06876
12147
02143
12117
02202
14222
08158
05592
06406
11148
14166
12167
11284
01350
02051
03471
01333
02481
01549
06440
01632
04115
09484
14316
06918
01411
11532
02472
07057
06477
14187
08023
09508
13331
04024
01350
09066
11266
12048
03291
09035
06470
01466
01669
02111
02011
01518
09497
08267
12175
06352
07263
07167
08066
02111
14154
03604
12056
05591
01542
06311
02215
01548
07261
06892
03170
08013
08176
01434
03346
12381
06632
02216
03182
02472
01484
01057
02298
09505
01568
04122
14301
03280
01557
01539
06906
14138
10336
06803
02070
12035
02479
05593
09492
02246
05120
14137
03366
02465
11528
02013
05413
07060
05057
12186
02481
06889
04057
03285
01596
12375
01544
03010
02140
12041
01137
08070
03340
06903
11451
05399
10234
09081
08050
06803
01423
14185
02299
07195
01644
09066
05291
03456
02018
02027
01545
01547
08195
14141
02231
03504
10244
11478
03463
14138
06623
07208
06332
06339
02128
09107
04015
08198
06919
13023
01543
12082
11141
04057
02064
11124
01669
02082
01639
02065
09378
05444
01440
03028
01054
14216
01532
02297
08175
04197
01638
02014
05489
03473
09505
11143
03237
06746
09312
08190
03180
01169
04196
02372
06479
07142
05501
02384
08269
01055
02479
03364
02245
04296
08104
05488
07346
12189
12488
02479
07301
06601
08165
03460
08164
07335
04074
01567
11522
14308
09447
06409
03384
12054
01144
04197
08086
07315
08194
01078
06614
03140
02038
05487
09047
08158
06278
02212
01435
01350
04105
08109
06879
11482
02349
11473
06814
08103
07362
02102
03049
14138
08189
04063
14305
04127
01552
05556
09065
12092
02074
06889
07299
03069
03592
02149
02177
05584
06622
02297
01594
01586
06280
01666
11151
08150
08171
14325
09494
05362
01073
08271
07375
05466
05408
12073
04224
06921
02415
14096
01139
02059
10343
09513
01605
14182
09386
01591
05495
08377
06910
09512
04213
04122
06431
03015
02193
04059
01142
05508
06224
03281
01632
02016
02178
06885
14309
02017
HY018
HY017
HY006
HY026
HY019
HY034
HY035
HY024
HY079
HY103
HY051
HY022
HY014
HY095
HY053
HY080
HY097
HY048
HY120
HY091
HY068
HY116
HY062
HY101
HY118
HY060
HY084
HY104
HY098
HY067
HY119
HY045
HY081
HY059
HY023
HY123
HY027
HY112
HY092
HY100
HY093
HY054
HY040
HY052
HY028
HY082
HY044
HY066
HY010
HY065
HY089
HY090
HY047
HY005
HY013