04059500
02371500
07142300
06878000
08066200
01487000
05503800
08013000
02016000
02395120
02296500
02118500
02374500
02102908
03173000
04196800
02372250
06803510
07145700
07196900
03366500
08190000
05507600
03049800
02415000
01644000
02143040
02349900
08176900
02074500
02028500
01586610
02298608
05444000
02046000
05408000
07066000
07362100
02193340
02350900
03338780
02081500
08196000
08109700
05593575
06431500
08164300
08195000
12092000
14020000
12082500
12377150
14303200
11532500
11481200
14138870
14185900
14222500
11482500
14154500
11522500
12375900
12048000
12167000
12186000
12041200
12035000
14216500
11381500
14316700
12175500
12114500
14305500
12013500
14187000
12411000
12115000
14185000
12189500
14138800
12054000
14138900
12488500
12073500
14306340
12025700
14166500
12117000
12056500
11523200
14139800
14236200
12147500
12020000
14301000
14325000
09494000
09306242
09447800
11451100
11148900
11284400
06632400
06614800
06289000
09492400
10343500
09035900
08103900
11528700
11176400
06278300
06224000
14308990
11264500
08377900
06332515
08086290
07208500
09066300
06477500
06440200
07315200
09047700
09497980
08158810
11480390
12390700
07083000
09107000
10259000
08202700
08050800
09513780
09312600
09378170
09505800
10336645
06746095
13313000
13235000
11473900
08198500
09065500
000HY018
000HY017
000HY006
000HY034
000HY035
000HY024
000HY051
000HY095
000HY053
000HY097
000HY048
000HY091
000HY062
000HY101
000HY118
000HY084
000HY098
000HY119
000HY045
000HY081
000HY059
000HY023
000HY112
000HY092
000HY100
000HY093
000HY054
000HY040
000HY052
000HY028
000HY082
000HY066
000HY010
000HY065
000HY089
000HY090
000HY047
000HY013
03498500
01545600
01606500
03439000
03015500
04122500
04057800
02014000
01510000
01532000