01634500
04127997
05414000
01123000
01543500
03280700
03026500
01073000
03473000
01518862
01144000
04105700
01022500
03182500
04122200
01548500
02298123
02450250
05507600
02479300
05466500
02297310
06917000
05501000
02430085
06406000
05593900
02299950
05495500
01638480
02074500
07335700
14222500
12056500
14185900
12167000
11476600
11481200
14154500
14138900
12186000
14303200
14400000
12144000
11532500
12375900
12175500
12041200
08202700
11473900
08082700
11528700
11522500
08271000
11264500
09312600
05120500
09513780
09492400
09494000
08086290
08086212
09430600
06289000